2 0.5103788083823074 0.02117758474299517 0.041568396226415096 0.04183266932270916
2 0.5251193744200432 0.07695447717327406 0.05571933962264151 0.07171314741035856
3 0.4026252706464583 0.03537081183462864 0.02240566037735849 0.062250996015936255
2 0.3483799876275904 0.10036085167526608 0.05129716981132075 0.07470119521912351
2 0.3218469687596659 0.129743321794788 0.0648584905660377 0.08067729083665338
2 0.2608210253634395 0.23507200705375217 0.07959905660377359 0.13296812749003986
3 0.2820474404577791 0.3237174253804454 0.05365566037735846 0.17978087649402394
0 0.3949601763068357 0.42207399908562465 0.20400943396226412 0.48904382470119523
1 0.39024319517476025 0.6138070668147083 0.03419811320754717 0.018924302788844622
1 0.6476134781936281 0.5816855528704852 0.033608490566037735 0.03137450199203187
0 0.6265344687596659 0.3682891385278558 0.21786556603773585 0.5557768924302788
3 0.779541544231364 0.41211383972307486 0.0504127358490566 0.17231075697211154
