1 0.39230687442004325 0.3535979034680948 0.021816037735849055 0.015438247011952191
1 0.5363218466107617 0.20343625498007967 0.019752358490566037 0.01743027888446215
0 0.53027821453529 0.11279880478087649 0.10377358490566037 0.19770916334661354
2 0.46895745981830883 0.07221115537848606 0.03714622641509434 0.06374501992031872
2 0.3952546296296296 0.31100597609561753 0.09375 0.1349601593625498
3 0.2661272711390636 0.25473107569721115 0.041273584905660375 0.125
2 0.5395647711390635 0.30552788844621515 0.09876179245283019 0.1389442231075697
2 0.3672475541579315 0.5502988047808764 0.15212264150943397 0.28784860557768926
1 0.5453135918937806 0.33217131474103584 0.02830188679245283 0.01792828685258964
1 0.6138575819672131 0.4990162301613219 0.03272405660377358 0.02041832669322709
2 0.605602864986081 0.48507200705375214 0.13944575471698112 0.2106573705179283
1 0.3629731480049489 0.6516556723923976 0.03744103773584905 0.022908366533864542
