0 0.4254731480049489 0.07795049310952903 0.08755896226415094 0.15338645418326693
1 0.4284212612124961 0.11953415844817446 0.017983490566037735 0.01444223107569721
3 0.5870297517785338 0.1275022859382143 0.028596698113207548 0.09711155378486055
3 0.6140049876275904 0.18552021422506687 0.03125 0.11254980079681275
2 0.6598481480049488 0.15290069231271627 0.052181603773584904 0.09810756972111553
2 0.6853493272502319 0.3037971066553458 0.04658018867924528 0.14790836653386458
2 0.23929979894834516 0.2856198158186924 0.10731132075471697 0.12948207171314743
1 0.22514885555211875 0.330938540918294 0.02712264150943396 0.0199203187250996
1 0.340064858490566 0.7026233907345824 0.04038915094339623 0.022908366533864542
0 0.342041544231364 0.5022532819541505 0.2526533018867924 0.5438247011952191
