0 0.2805770611156686 0.2282716958253941 0.07753537735849056 0.1459163346613546
2 0.3256831931911403 0.11846093885328256 0.06515330188679246 0.09760956175298804
2 0.5954355516817064 0.22578165598475666 0.08048349056603774 0.1200199203187251
1 0.6020688063986874 0.25939719383336224 0.017099056603773585 0.01294820717131474
2 0.44929245283018865 0.08636963772815712 0.0607311320754717 0.08814741035856574
2 0.6043632075471698 0.4230230241823404 0.125 0.19272908366533864
1 0.6893329573420837 0.9406720942317687 0.04952830188679245 0.03585657370517928
1 0.6150405045118951 0.43519400658236623 0.03242924528301887 0.0249003984063745
0 0.3554591365873667 0.41602069980945783 0.23909198113207547 0.5174302788844621
2 0.6720864950779327 0.8450870431318206 0.22494103773584906 0.3098259137363588
1 0.31622277699718987 0.6027061964906333 0.030365566037735815 0.018924302788844622
