1 0.3550210328076599 0.68922816197895 0.03685141509433962 0.018924302788844622
1 0.3943783441284146 0.31223613010643997 0.021816037735849055 0.01593625498007968
1 0.5495965045057731 0.3804632217399061 0.02152122641509434 0.01195219123505976
1 0.4082344762038863 0.1653237795088304 0.014150943396226415 0.014940239043824702
1 0.5316130139397354 0.17951700660046388 0.016214622641509434 0.01045816733067729
2 0.41309886299633913 0.06348115002675869 0.05454009433962264 0.0602589641434263
2 0.5050799950718108 0.028620592257834386 0.04392688679245283 0.053286852589641436
2 0.5019844762038863 0.08315246476779455 0.057193396226415096 0.07270916334661355
2 0.39570499507181084 0.2684114289112209 0.09109669811320754 0.12749003984063748
2 0.545469146015207 0.33240545281560335 0.09581367924528301 0.1568725099601594
3 0.7118901365812447 0.32095126954867104 0.06839622641509434 0.1518924302788845
3 0.7000976837510561 0.474337723731938 0.0589622641509434 0.16284860557768924
2 0.3581165516755844 0.5843974846881133 0.15860849056603776 0.2843625498007968
2 0.6440835328076598 0.8881972111553784 0.22464622641509427 0.22360557768924302
