1 0.3744785799774712 0.6600946958434918 0.03744103773584905 0.018426294820717132
2 0.21955523092086743 0.4163197954450854 0.1320754716981132 0.18227091633466136
1 0.20393023092086743 0.47134967592317306 0.027712264150943394 0.01245019920318725
2 0.2698205611095467 0.2661703930546472 0.09463443396226418 0.13894422310756974
1 0.26348211771332025 0.3281723850865197 0.022995283018867923 0.01195219123505976
0 0.3856814101661505 0.42652895879169894 0.21963443396226418 0.6140438247011952
2 0.3051979196001127 0.14839150859249575 0.06692216981132079 0.09063745019920319
2 0.3634231554491693 0.03584170779568299 0.03242924528301887 0.0647410358565737
2 0.4430222120529429 0.0784213890705834 0.057193396226415096 0.0801792828685259
0 0.46911301393973537 0.0530229826960814 0.05159198113207547 0.0901394422310757
