3 0.31728518375105613 0.5731923054052448 0.15005896226415097 0.3386454183266932
1 0.27453754224162213 0.6319572456442886 0.025648584905660375 0.030876494023904383
3 0.7415186743170937 0.4698556520187906 0.052181603773584904 0.1688247011952191
0 0.4036649007321882 0.18350107034548382 0.10170990566037735 0.1917330677290837
1 0.40381230639256555 0.23255485520604155 0.01945754716981132 0.01195219123505976
2 0.5041955611095467 0.1698058512219778 0.06928066037735849 0.10557768924302789
1 0.503900749788792 0.1770269667598264 0.016214622641509434 0.01245019920318725
3 0.5972085328076598 0.16059270381161925 0.03301886792452823 0.09312749003984064
2 0.41442551393973537 0.07144927751679853 0.053655660377358486 0.054282868525896415
2 0.4203217403548297 0.026877564369388172 0.04716981132075471 0.04282868525896414
2 0.5056696177133203 0.07891939703871088 0.05748820754716981 0.07918326693227092
2 0.5044903724303014 0.02189748468811327 0.046285377358490566 0.04083665338645418
2 0.5812887214869051 0.026877564369388172 0.04481132075471698 0.046812749003984064
0 0.654844146015207 0.1332022655646073 0.08579009433962263 0.15388446215139442
